3.10524633
0.38599384
-3.73142058
-6.48966995
-8.26264078
-9.33535101
-9.91566754
-10.14548606
-10.13618179
-9.95842034
-9.31482003
-8.50260862
-6.86702040
-5.48740651
-4.19601664
-3.27986208
-2.18557584
-1.56968010
-1.21154226
-0.74189737
-0.52248916
-0.38094400
-0.25955790
-0.18615483
-0.13334239
-0.09963701
96.35780986
73.40977219
55.57082192
41.84853136
31.36583870
23.44565020
17.49518827
13.06142717
9.75768326
7.34088101
5.57244193
4.27263545
3.33488520
2.20809960
1.67387265
1.53721746
1.45596113
1.40863241
1.38777056
1.38629145
1.41550730
1.41677681
1.36498675
1.28351567
1.04742248
0.88900034
0.71598532
0.62818535
0.53088373
0.41813557
0.39343457
0.34592978
0.26959243
0.21825645
0.18052383
0.14027925
0.11248279
5.14117071
4.96965729
4.81049237
4.65035907
4.50670910
4.36431677
4.23095246
4.10134796
3.98100566
3.87084315
3.75638245
3.24497203
2.81746457
2.45354477
2.16539251
1.92899294
1.52396632
1.25543346
1.06750942
0.86199689
0.74649084
0.60606499
0.49994542
0.39717372
0.32338460
0.24640907
0.19435208
0.15752078
0.13050971
0.11013828
5.54757354
2.89016566
0.61347199
-1.32714688
-2.96703990
-5.50674104
-7.27168456
-8.45160619
-9.17440883
-9.58935247
-9.76946766
-9.76138805
-9.62705001
-9.40780297
-9.13956214
-8.48969819
-7.80092131
-6.81225430
-5.94537786
-4.75797785
-3.87537597
-2.74590932
-2.04736155
-1.27946182
-0.75638298
-0.44091121
-0.27280623
-0.17056562
-0.11212217
5.04691446
4.34422635
3.73920626
3.22187850
2.77674748
2.39593640
2.07089606
1.53938528
1.16108920
0.88335118
0.69545542
0.55741799
0.46008353
0.40131286
0.35608799
0.32920802
0.30868349
0.29774071
0.30266528
0.31575931
0.31887037
0.32057913
0.30186272
0.27619110
0.24838919
0.24026554
0.22550377
0.21919320
0.19397725
0.16270950
0.12212534
0.12651436
0.11762119
0.11423847
0.10454194
-9.77075426
-9.77181943
-9.78146274
-9.80698938
-9.84097389
-9.88212436
-9.92740524
-9.97873679
-10.03654110
-10.09968630
-10.16554323
-10.23138167
-10.29961941
-10.35962294
-10.41529838
-10.46523977
-10.50833942
-10.54386186
-10.56766706
-10.57847462
-10.57901149
-10.57856359
-10.57713112
-10.57471340
-10.55531499
-10.51836340
-10.46306074
-10.38866593
-10.29464914
-9.96970188
-9.50931848
-8.92372979
-8.21361763
-7.39343434
-6.47782871
-5.48989519
-4.45811503
-3.39939040
-2.33264966
-1.27177510
-0.24730967
0.75046478
1.70050543
2.59680010
3.43390929
4.20264273
4.90572786
4.41364591
3.99060729
3.60417516
3.25224564
2.93250797
2.63849528
2.37324392
2.13287756
1.91476117
1.71658526
1.53568296
1.35799960
1.11883782
0.91747763
0.74469493
0.59963423
0.47751654
0.37624464
0.29856802
0.23406839
0.17956098
0.13469109
0.07113963
0.04174180
0.02370358
0.02032160
0.01996821
0.02766112
0.04374971
0.05146022
0.06942763
0.08920424
0.10409809
0.14329661
0.17711465
0.19177793
0.19672756
0.19686570
0.18428515
0.16964690
0.17300276
0.15963122
0.14429516
0.10837277
0.08758608
0.09702748
0.09228491
0.09227640
0.08552987
4.25942403
2.58821146
1.18258391
0.01102113
-0.95929731
-1.76585452
-2.42534055
-2.95650784
-3.38618717
-3.98119743
-4.31279124
-4.45716843
-4.46899466
-4.38752527
-4.24468463
-4.06425633
-3.85049484
-3.63324124
-2.98591915
-2.09892954
-1.46828708
-1.06007633
-0.61248449
-0.36756392
-0.27659342
-0.17293131
-0.11317822
-0.12021343
-0.08132406
