	 0.00000000	 0.11811938	 0.00000000
	 0.76146930	-0.47250888	 0.00000000
	-0.76146930	-0.47250888	 0.00000000    
	-2.30229888	-1.66764241	 0.00000000
 
	 0.00000000	 0.11811938	 0.00000000
	 0.76146930	-0.47250888	 0.00000000
	-0.76146930	-0.47250888	 0.00000000    
	-2.34180733	-1.69828686	 0.00000000
 
	 0.00000000	 0.11811938	 0.00000000
	 0.76146930	-0.47250888	 0.00000000
	-0.76146930	-0.47250888	 0.00000000    
	-2.42082424	-1.75957576	 0.00000000
 
	 0.00000000	 0.11811938	 0.00000000
	 0.76146930	-0.47250888	 0.00000000
	-0.76146930	-0.47250888	 0.00000000    
	-2.49984114	-1.82086466	 0.00000000
 
	 0.00000000	 0.11811938	 0.00000000
	 0.76146930	-0.47250888	 0.00000000
	-0.76146930	-0.47250888	 0.00000000    
	-2.57885804	-1.88215356	 0.00000000
 
	 0.00000000	 0.11811938	 0.00000000
	 0.76146930	-0.47250888	 0.00000000
	-0.76146930	-0.47250888	 0.00000000    
	-2.65787494	-1.94344246	 0.00000000
 
	 0.00000000	 0.11811938	 0.00000000
	 0.76146930	-0.47250888	 0.00000000
	-0.76146930	-0.47250888	 0.00000000    
	-2.73689185	-2.00473136	 0.00000000
 
	 0.00000000	 0.11811938	 0.00000000
	 0.76146930	-0.47250888	 0.00000000
	-0.76146930	-0.47250888	 0.00000000    
	-2.81590875	-2.06602026	 0.00000000
 
	 0.00000000	 0.11811938	 0.00000000
	 0.76146930	-0.47250888	 0.00000000
	-0.76146930	-0.47250888	 0.00000000    
	-2.89492565	-2.12730916	 0.00000000
 
	 0.00000000	 0.11811938	 0.00000000
	 0.76146930	-0.47250888	 0.00000000
	-0.76146930	-0.47250888	 0.00000000    
	-2.97394255	-2.18859805	 0.00000000
 
	 0.00000000	 0.11811938	 0.00000000
	 0.76146930	-0.47250888	 0.00000000
	-0.76146930	-0.47250888	 0.00000000    
	-3.13197635	-2.31117586	 0.00000000
 
	 0.00000000	 0.11811938	 0.00000000
	 0.76146930	-0.47250888	 0.00000000
	-0.76146930	-0.47250888	 0.00000000    
	-3.29001015	-2.43375365	 0.00000000
 
	 0.00000000	 0.11811938	 0.00000000
	 0.76146930	-0.47250888	 0.00000000
	-0.76146930	-0.47250888	 0.00000000    
	-3.60607776	-2.67890925	 0.00000000
 
	 0.00000000	 0.11811938	 0.00000000
	 0.76146930	-0.47250888	 0.00000000
	-0.76146930	-0.47250888	 0.00000000    
	-3.92214537	-2.92406485	 0.00000000
 
	 0.00000000	 0.11811938	 0.00000000
	 0.76146930	-0.47250888	 0.00000000
	-0.76146930	-0.47250888	 0.00000000    
	-4.31722988	-3.23050934	 0.00000000
 
	 0.00000000	 0.11811938	 0.00000000
	 0.76146930	-0.47250888	 0.00000000
	-0.76146930	-0.47250888	 0.00000000    
	-4.71231440	-3.53695385	 0.00000000
 
	 0.00000000	 0.11811938	 0.00000000
	 0.76146930	-0.47250888	 0.00000000
	-0.76146930	-0.47250888	 0.00000000    
	-5.50248341	-4.14984284	 0.00000000
 
	 0.00000000	 0.11811938	 0.00000000
	 0.76146930	-0.47250888	 0.00000000
	-0.76146930	-0.47250888	 0.00000000    
	-6.29265243	-4.76273183	 0.00000000
 
	 0.00000000	 0.11811938	 0.00000000
	 0.76146930	-0.47250888	 0.00000000
	-0.76146930	-0.47250888	 0.00000000    
	-7.08282145	-5.37562083	 0.00000000
 
	 0.00000000	 0.11811938	 0.00000000
	 0.76146930	-0.47250888	 0.00000000
	-0.76146930	-0.47250888	 0.00000000    
	-8.66315950	-6.60139882	 0.00000000
 
	 0.00000000	 0.11811938	 0.00000000
	 0.76146930	-0.47250888	 0.00000000
	-0.76146930	-0.47250888	 0.00000000    
	-10.24349754	-7.82717681	 0.00000000
 
	 0.00000000	 0.11811938	 0.00000000
	 0.76146930	-0.47250888	 0.00000000
	-0.76146930	-0.47250888	 0.00000000    
	-11.82383557	-9.05295479	 0.00000000
 
	 0.00000000	 0.11811938	 0.00000000
	 0.76146930	-0.47250888	 0.00000000
	-0.76146930	-0.47250888	 0.00000000    
	-14.19434264	-10.89162178	 0.00000000
 
	 0.00000000	 0.11811938	 0.00000000
	 0.76146930	-0.47250888	 0.00000000
	-0.76146930	-0.47250888	 0.00000000    
	-16.56484970	-12.73028876	 0.00000000
 
	 0.00000000	 0.11811938	 0.00000000
	 0.76146930	-0.47250888	 0.00000000
	-0.76146930	-0.47250888	 0.00000000    
	-19.33044127	-14.87540024	 0.00000000
 
	 0.00000000	 0.11811938	 0.00000000
	 0.76146930	-0.47250888	 0.00000000
	-0.76146930	-0.47250888	 0.00000000    
	-22.09603284	-17.02051172	 0.00000000
 
	 0.00000000	 0.11811938	 0.00000000
	 0.76146930	-0.47250888	 0.00000000
	-0.76146930	-0.47250888	 0.00000000    
	-1.88205578	0.98729433	 0.00000000
 
	 0.00000000	 0.11811938	 0.00000000
	 0.76146930	-0.47250888	 0.00000000
	-0.76146930	-0.47250888	 0.00000000    
	-1.96107268	1.04858323	 0.00000000
 
	 0.00000000	 0.11811938	 0.00000000
	 0.76146930	-0.47250888	 0.00000000
	-0.76146930	-0.47250888	 0.00000000    
	-2.04008959	1.10987213	 0.00000000
 
	 0.00000000	 0.11811938	 0.00000000
	 0.76146930	-0.47250888	 0.00000000
	-0.76146930	-0.47250888	 0.00000000    
	-2.11910649	1.17116103	 0.00000000
 
	 0.00000000	 0.11811938	 0.00000000
	 0.76146930	-0.47250888	 0.00000000
	-0.76146930	-0.47250888	 0.00000000    
	-2.19812339	1.23244993	 0.00000000
 
	 0.00000000	 0.11811938	 0.00000000
	 0.76146930	-0.47250888	 0.00000000
	-0.76146930	-0.47250888	 0.00000000    
	-2.27714029	1.29373883	 0.00000000
 
	 0.00000000	 0.11811938	 0.00000000
	 0.76146930	-0.47250888	 0.00000000
	-0.76146930	-0.47250888	 0.00000000    
	-2.35615720	1.35502773	 0.00000000
 
	 0.00000000	 0.11811938	 0.00000000
	 0.76146930	-0.47250888	 0.00000000
	-0.76146930	-0.47250888	 0.00000000    
	-2.43517410	1.41631663	 0.00000000
 
	 0.00000000	 0.11811938	 0.00000000
	 0.76146930	-0.47250888	 0.00000000
	-0.76146930	-0.47250888	 0.00000000    
	-2.51419100	1.47760553	 0.00000000
 
	 0.00000000	 0.11811938	 0.00000000
	 0.76146930	-0.47250888	 0.00000000
	-0.76146930	-0.47250888	 0.00000000    
	-2.59320790	1.53889442	 0.00000000
 
	 0.00000000	 0.11811938	 0.00000000
	 0.76146930	-0.47250888	 0.00000000
	-0.76146930	-0.47250888	 0.00000000    
	-2.67222480	1.60018333	 0.00000000
 
	 0.00000000	 0.11811938	 0.00000000
	 0.76146930	-0.47250888	 0.00000000
	-0.76146930	-0.47250888	 0.00000000    
	-2.75124170	1.66147223	 0.00000000
 
	 0.00000000	 0.11811938	 0.00000000
	 0.76146930	-0.47250888	 0.00000000
	-0.76146930	-0.47250888	 0.00000000    
	-2.83025860	1.72276112	 0.00000000
 
	 0.00000000	 0.11811938	 0.00000000
	 0.76146930	-0.47250888	 0.00000000
	-0.76146930	-0.47250888	 0.00000000    
	-2.98829241	1.84533893	 0.00000000
 
	 0.00000000	 0.11811938	 0.00000000
	 0.76146930	-0.47250888	 0.00000000
	-0.76146930	-0.47250888	 0.00000000    
	-3.14632621	1.96791672	 0.00000000
 
	 0.00000000	 0.11811938	 0.00000000
	 0.76146930	-0.47250888	 0.00000000
	-0.76146930	-0.47250888	 0.00000000    
	-3.22534311	2.02920562	 0.00000000
 
	 0.00000000	 0.11811938	 0.00000000
	 0.76146930	-0.47250888	 0.00000000
	-0.76146930	-0.47250888	 0.00000000    
	-3.30436001	2.09049452	 0.00000000
 
	 0.00000000	 0.11811938	 0.00000000
	 0.76146930	-0.47250888	 0.00000000
	-0.76146930	-0.47250888	 0.00000000    
	-3.38337692	2.15178342	 0.00000000
 
	 0.00000000	 0.11811938	 0.00000000
	 0.76146930	-0.47250888	 0.00000000
	-0.76146930	-0.47250888	 0.00000000    
	-3.46239382	2.21307232	 0.00000000
 
	 0.00000000	 0.11811938	 0.00000000
	 0.76146930	-0.47250888	 0.00000000
	-0.76146930	-0.47250888	 0.00000000    
	-3.54141072	2.27436122	 0.00000000
 
	 0.00000000	 0.11811938	 0.00000000
	 0.76146930	-0.47250888	 0.00000000
	-0.76146930	-0.47250888	 0.00000000    
	-3.93649523	2.58080571	 0.00000000
 
	 0.00000000	 0.11811938	 0.00000000
	 0.76146930	-0.47250888	 0.00000000
	-0.76146930	-0.47250888	 0.00000000    
	-4.33157975	2.88725022	 0.00000000
 
	 0.00000000	 0.11811938	 0.00000000
	 0.76146930	-0.47250888	 0.00000000
	-0.76146930	-0.47250888	 0.00000000    
	-4.72666425	3.19369471	 0.00000000
 
	 0.00000000	 0.11811938	 0.00000000
	 0.76146930	-0.47250888	 0.00000000
	-0.76146930	-0.47250888	 0.00000000    
	-5.12174876	3.50013921	 0.00000000
 
	 0.00000000	 0.11811938	 0.00000000
	 0.76146930	-0.47250888	 0.00000000
	-0.76146930	-0.47250888	 0.00000000    
	-5.91191778	4.11302820	 0.00000000
 
	 0.00000000	 0.11811938	 0.00000000
	 0.76146930	-0.47250888	 0.00000000
	-0.76146930	-0.47250888	 0.00000000    
	-6.70208680	4.72591720	 0.00000000
 
	 0.00000000	 0.11811938	 0.00000000
	 0.76146930	-0.47250888	 0.00000000
	-0.76146930	-0.47250888	 0.00000000    
	-7.49225582	5.33880619	 0.00000000
 
	 0.00000000	 0.11811938	 0.00000000
	 0.76146930	-0.47250888	 0.00000000
	-0.76146930	-0.47250888	 0.00000000    
	-8.28242485	5.95169519	 0.00000000
 
	 0.00000000	 0.11811938	 0.00000000
	 0.76146930	-0.47250888	 0.00000000
	-0.76146930	-0.47250888	 0.00000000    
	-9.07259386	6.56458418	 0.00000000
 
	 0.00000000	 0.11811938	 0.00000000
	 0.76146930	-0.47250888	 0.00000000
	-0.76146930	-0.47250888	 0.00000000    
	-9.86276289	7.17747318	 0.00000000
 
	 0.00000000	 0.11811938	 0.00000000
	 0.76146930	-0.47250888	 0.00000000
	-0.76146930	-0.47250888	 0.00000000    
	-10.65293190	7.79036217	 0.00000000
 
	 0.00000000	 0.11811938	 0.00000000
	 0.76146930	-0.47250888	 0.00000000
	-0.76146930	-0.47250888	 0.00000000    
	-11.44310092	8.40325116	 0.00000000
 
	 0.00000000	 0.11811938	 0.00000000
	 0.76146930	-0.47250888	 0.00000000
	-0.76146930	-0.47250888	 0.00000000    
	-13.02343896	9.62902915	 0.00000000
 
	 0.00000000	 0.11811938	 0.00000000
	 0.76146930	-0.47250888	 0.00000000
	-0.76146930	-0.47250888	 0.00000000    
	-14.60377700	10.85480714	 0.00000000
 
	 0.00000000	 0.11811938	 0.00000000
	 0.76146930	-0.47250888	 0.00000000
	-0.76146930	-0.47250888	 0.00000000    
	-16.18411505	12.08058513	 0.00000000
 
	 0.00000000	 0.11811938	 0.00000000
	 0.76146930	-0.47250888	 0.00000000
	-0.76146930	-0.47250888	 0.00000000    
	-18.55462210	13.91925211	 0.00000000
 
	 0.00000000	 0.11811938	 0.00000000
	 0.76146930	-0.47250888	 0.00000000
	-0.76146930	-0.47250888	 0.00000000    
	-20.92512917	15.75791910	 0.00000000
 
	 0.00000000	 0.11811938	 0.00000000
	 0.76146930	-0.47250888	 0.00000000
	-0.76146930	-0.47250888	 0.00000000    
	0.00000000	4.61811937	 0.00000000
 
	 0.00000000	 0.11811938	 0.00000000
	 0.76146930	-0.47250888	 0.00000000
	-0.76146930	-0.47250888	 0.00000000    
	0.00000000	4.71811937	 0.00000000
 
	 0.00000000	 0.11811938	 0.00000000
	 0.76146930	-0.47250888	 0.00000000
	-0.76146930	-0.47250888	 0.00000000    
	0.00000000	4.81811937	 0.00000000
 
	 0.00000000	 0.11811938	 0.00000000
	 0.76146930	-0.47250888	 0.00000000
	-0.76146930	-0.47250888	 0.00000000    
	0.00000000	4.91811937	 0.00000000
 
	 0.00000000	 0.11811938	 0.00000000
	 0.76146930	-0.47250888	 0.00000000
	-0.76146930	-0.47250888	 0.00000000    
	0.00000000	5.01811937	 0.00000000
 
	 0.00000000	 0.11811938	 0.00000000
	 0.76146930	-0.47250888	 0.00000000
	-0.76146930	-0.47250888	 0.00000000    
	0.00000000	5.11811937	 0.00000000
 
	 0.00000000	 0.11811938	 0.00000000
	 0.76146930	-0.47250888	 0.00000000
	-0.76146930	-0.47250888	 0.00000000    
	0.00000000	5.21811937	 0.00000000
 
	 0.00000000	 0.11811938	 0.00000000
	 0.76146930	-0.47250888	 0.00000000
	-0.76146930	-0.47250888	 0.00000000    
	0.00000000	5.31811937	 0.00000000
 
	 0.00000000	 0.11811938	 0.00000000
	 0.76146930	-0.47250888	 0.00000000
	-0.76146930	-0.47250888	 0.00000000    
	0.00000000	5.41811937	 0.00000000
 
	 0.00000000	 0.11811938	 0.00000000
	 0.76146930	-0.47250888	 0.00000000
	-0.76146930	-0.47250888	 0.00000000    
	0.00000000	5.51811937	 0.00000000
 
	 0.00000000	 0.11811938	 0.00000000
	 0.76146930	-0.47250888	 0.00000000
	-0.76146930	-0.47250888	 0.00000000    
	0.00000000	5.61811937	 0.00000000
 
	 0.00000000	 0.11811938	 0.00000000
	 0.76146930	-0.47250888	 0.00000000
	-0.76146930	-0.47250888	 0.00000000    
	0.00000000	6.11811937	 0.00000000
 
	 0.00000000	 0.11811938	 0.00000000
	 0.76146930	-0.47250888	 0.00000000
	-0.76146930	-0.47250888	 0.00000000    
	0.00000000	6.61811937	 0.00000000
 
	 0.00000000	 0.11811938	 0.00000000
	 0.76146930	-0.47250888	 0.00000000
	-0.76146930	-0.47250888	 0.00000000    
	0.00000000	7.11811937	 0.00000000
 
	 0.00000000	 0.11811938	 0.00000000
	 0.76146930	-0.47250888	 0.00000000
	-0.76146930	-0.47250888	 0.00000000    
	0.00000000	7.61811937	 0.00000000
 
	 0.00000000	 0.11811938	 0.00000000
	 0.76146930	-0.47250888	 0.00000000
	-0.76146930	-0.47250888	 0.00000000    
	0.00000000	8.11811937	 0.00000000
 
	 0.00000000	 0.11811938	 0.00000000
	 0.76146930	-0.47250888	 0.00000000
	-0.76146930	-0.47250888	 0.00000000    
	0.00000000	9.11811937	 0.00000000
 
	 0.00000000	 0.11811938	 0.00000000
	 0.76146930	-0.47250888	 0.00000000
	-0.76146930	-0.47250888	 0.00000000    
	0.00000000	10.11811937	 0.00000000
 
	 0.00000000	 0.11811938	 0.00000000
	 0.76146930	-0.47250888	 0.00000000
	-0.76146930	-0.47250888	 0.00000000    
	0.00000000	11.11811937	 0.00000000
 
	 0.00000000	 0.11811938	 0.00000000
	 0.76146930	-0.47250888	 0.00000000
	-0.76146930	-0.47250888	 0.00000000    
	0.00000000	12.11811937	 0.00000000
 
	 0.00000000	 0.11811938	 0.00000000
	 0.76146930	-0.47250888	 0.00000000
	-0.76146930	-0.47250888	 0.00000000    
	0.00000000	13.11811937	 0.00000000
 
	 0.00000000	 0.11811938	 0.00000000
	 0.76146930	-0.47250888	 0.00000000
	-0.76146930	-0.47250888	 0.00000000    
	0.00000000	14.61811937	 0.00000000
 
	 0.00000000	 0.11811938	 0.00000000
	 0.76146930	-0.47250888	 0.00000000
	-0.76146930	-0.47250888	 0.00000000    
	0.00000000	16.11811937	 0.00000000
 
	 0.00000000	 0.11811938	 0.00000000
	 0.76146930	-0.47250888	 0.00000000
	-0.76146930	-0.47250888	 0.00000000    
	0.00000000	18.11811937	 0.00000000
 
	 0.00000000	 0.11811938	 0.00000000
	 0.76146930	-0.47250888	 0.00000000
	-0.76146930	-0.47250888	 0.00000000    
	0.00000000	20.11811937	 0.00000000
 
	 0.00000000	 0.11811938	 0.00000000
	 0.76146930	-0.47250888	 0.00000000
	-0.76146930	-0.47250888	 0.00000000    
	0.00000000	23.11811937	 0.00000000
 
	 0.00000000	 0.11811938	 0.00000000
	 0.76146930	-0.47250888	 0.00000000
	-0.76146930	-0.47250888	 0.00000000    
	0.00000000	26.11811937	 0.00000000
 
	 0.00000000	 0.11811938	 0.00000000
	 0.76146930	-0.47250888	 0.00000000
	-0.76146930	-0.47250888	 0.00000000    
	0.00000000	29.11811937	 0.00000000
 
	 0.00000000	 0.11811938	 0.00000000
	 0.76146930	-0.47250888	 0.00000000
	-0.76146930	-0.47250888	 0.00000000    
	0.00000000	32.11811937	 0.00000000
 
	 0.00000000	 0.11811938	 0.00000000
	 0.76146930	-0.47250888	 0.00000000
	-0.76146930	-0.47250888	 0.00000000    
	0.00000000	35.11811937	 0.00000000
 
	 0.00000000	 0.11811938	 0.00000000
	 0.76146930	-0.47250888	 0.00000000
	-0.76146930	-0.47250888	 0.00000000    
	0.00000000	-2.68188062	 0.00000000
 
	 0.00000000	 0.11811938	 0.00000000
	 0.76146930	-0.47250888	 0.00000000
	-0.76146930	-0.47250888	 0.00000000    
	0.00000000	-2.73188062	 0.00000000
 
	 0.00000000	 0.11811938	 0.00000000
	 0.76146930	-0.47250888	 0.00000000
	-0.76146930	-0.47250888	 0.00000000    
	0.00000000	-2.78188061	 0.00000000
 
	 0.00000000	 0.11811938	 0.00000000
	 0.76146930	-0.47250888	 0.00000000
	-0.76146930	-0.47250888	 0.00000000    
	0.00000000	-2.83188062	 0.00000000
 
	 0.00000000	 0.11811938	 0.00000000
	 0.76146930	-0.47250888	 0.00000000
	-0.76146930	-0.47250888	 0.00000000    
	0.00000000	-2.88188062	 0.00000000
 
	 0.00000000	 0.11811938	 0.00000000
	 0.76146930	-0.47250888	 0.00000000
	-0.76146930	-0.47250888	 0.00000000    
	0.00000000	-2.98188061	 0.00000000
 
	 0.00000000	 0.11811938	 0.00000000
	 0.76146930	-0.47250888	 0.00000000
	-0.76146930	-0.47250888	 0.00000000    
	0.00000000	-3.08188062	 0.00000000
 
	 0.00000000	 0.11811938	 0.00000000
	 0.76146930	-0.47250888	 0.00000000
	-0.76146930	-0.47250888	 0.00000000    
	0.00000000	-3.18188062	 0.00000000
 
	 0.00000000	 0.11811938	 0.00000000
	 0.76146930	-0.47250888	 0.00000000
	-0.76146930	-0.47250888	 0.00000000    
	0.00000000	-3.28188062	 0.00000000
 
	 0.00000000	 0.11811938	 0.00000000
	 0.76146930	-0.47250888	 0.00000000
	-0.76146930	-0.47250888	 0.00000000    
	0.00000000	-3.38188062	 0.00000000
 
	 0.00000000	 0.11811938	 0.00000000
	 0.76146930	-0.47250888	 0.00000000
	-0.76146930	-0.47250888	 0.00000000    
	0.00000000	-3.48188062	 0.00000000
 
	 0.00000000	 0.11811938	 0.00000000
	 0.76146930	-0.47250888	 0.00000000
	-0.76146930	-0.47250888	 0.00000000    
	0.00000000	-3.58188061	 0.00000000
 
	 0.00000000	 0.11811938	 0.00000000
	 0.76146930	-0.47250888	 0.00000000
	-0.76146930	-0.47250888	 0.00000000    
	0.00000000	-3.68188062	 0.00000000
 
	 0.00000000	 0.11811938	 0.00000000
	 0.76146930	-0.47250888	 0.00000000
	-0.76146930	-0.47250888	 0.00000000    
	0.00000000	-3.78188062	 0.00000000
 
	 0.00000000	 0.11811938	 0.00000000
	 0.76146930	-0.47250888	 0.00000000
	-0.76146930	-0.47250888	 0.00000000    
	0.00000000	-3.88188062	 0.00000000
 
	 0.00000000	 0.11811938	 0.00000000
	 0.76146930	-0.47250888	 0.00000000
	-0.76146930	-0.47250888	 0.00000000    
	0.00000000	-4.08188062	 0.00000000
 
	 0.00000000	 0.11811938	 0.00000000
	 0.76146930	-0.47250888	 0.00000000
	-0.76146930	-0.47250888	 0.00000000    
	0.00000000	-4.28188062	 0.00000000
 
	 0.00000000	 0.11811938	 0.00000000
	 0.76146930	-0.47250888	 0.00000000
	-0.76146930	-0.47250888	 0.00000000    
	0.00000000	-4.58188062	 0.00000000
 
	 0.00000000	 0.11811938	 0.00000000
	 0.76146930	-0.47250888	 0.00000000
	-0.76146930	-0.47250888	 0.00000000    
	0.00000000	-4.88188061	 0.00000000
 
	 0.00000000	 0.11811938	 0.00000000
	 0.76146930	-0.47250888	 0.00000000
	-0.76146930	-0.47250888	 0.00000000    
	0.00000000	-5.38188062	 0.00000000
 
	 0.00000000	 0.11811938	 0.00000000
	 0.76146930	-0.47250888	 0.00000000
	-0.76146930	-0.47250888	 0.00000000    
	0.00000000	-5.88188062	 0.00000000
 
	 0.00000000	 0.11811938	 0.00000000
	 0.76146930	-0.47250888	 0.00000000
	-0.76146930	-0.47250888	 0.00000000    
	0.00000000	-6.88188062	 0.00000000
 
	 0.00000000	 0.11811938	 0.00000000
	 0.76146930	-0.47250888	 0.00000000
	-0.76146930	-0.47250888	 0.00000000    
	0.00000000	-7.88188062	 0.00000000
 
	 0.00000000	 0.11811938	 0.00000000
	 0.76146930	-0.47250888	 0.00000000
	-0.76146930	-0.47250888	 0.00000000    
	0.00000000	-9.88188061	 0.00000000
 
	 0.00000000	 0.11811938	 0.00000000
	 0.76146930	-0.47250888	 0.00000000
	-0.76146930	-0.47250888	 0.00000000    
	0.00000000	-12.88188062	 0.00000000
 
	 0.00000000	 0.11811938	 0.00000000
	 0.76146930	-0.47250888	 0.00000000
	-0.76146930	-0.47250888	 0.00000000    
	0.00000000	-16.88188062	 0.00000000
 
	 0.00000000	 0.11811938	 0.00000000
	 0.76146930	-0.47250888	 0.00000000
	-0.76146930	-0.47250888	 0.00000000    
	0.00000000	-21.38188061	 0.00000000
 
	 0.00000000	 0.11811938	 0.00000000
	 0.76146930	-0.47250888	 0.00000000
	-0.76146930	-0.47250888	 0.00000000    
	0.00000000	-26.88188062	 0.00000000
 
	 0.00000000	 0.11811938	 0.00000000
	 0.76146930	-0.47250888	 0.00000000
	-0.76146930	-0.47250888	 0.00000000    
	0.00000000	-32.88188061	 0.00000000
 
	 0.00000000	 0.11811938	 0.00000000
	 0.76146930	-0.47250888	 0.00000000
	-0.76146930	-0.47250888	 0.00000000    
	0.00000000	-0.27563279	 3.10000000
 
	 0.00000000	 0.11811938	 0.00000000
	 0.76146930	-0.47250888	 0.00000000
	-0.76146930	-0.47250888	 0.00000000    
	0.00000000	-0.27563279	 3.15000000
 
	 0.00000000	 0.11811938	 0.00000000
	 0.76146930	-0.47250888	 0.00000000
	-0.76146930	-0.47250888	 0.00000000    
	0.00000000	-0.27563279	 3.20000000
 
	 0.00000000	 0.11811938	 0.00000000
	 0.76146930	-0.47250888	 0.00000000
	-0.76146930	-0.47250888	 0.00000000    
	0.00000000	-0.27563279	 3.25000000
 
	 0.00000000	 0.11811938	 0.00000000
	 0.76146930	-0.47250888	 0.00000000
	-0.76146930	-0.47250888	 0.00000000    
	0.00000000	-0.27563279	 3.30000000
 
	 0.00000000	 0.11811938	 0.00000000
	 0.76146930	-0.47250888	 0.00000000
	-0.76146930	-0.47250888	 0.00000000    
	0.00000000	-0.27563279	 3.35000000
 
	 0.00000000	 0.11811938	 0.00000000
	 0.76146930	-0.47250888	 0.00000000
	-0.76146930	-0.47250888	 0.00000000    
	0.00000000	-0.27563279	 3.40000000
 
	 0.00000000	 0.11811938	 0.00000000
	 0.76146930	-0.47250888	 0.00000000
	-0.76146930	-0.47250888	 0.00000000    
	0.00000000	-0.27563279	 3.50000000
 
	 0.00000000	 0.11811938	 0.00000000
	 0.76146930	-0.47250888	 0.00000000
	-0.76146930	-0.47250888	 0.00000000    
	0.00000000	-0.27563279	 3.60000000
 
	 0.00000000	 0.11811938	 0.00000000
	 0.76146930	-0.47250888	 0.00000000
	-0.76146930	-0.47250888	 0.00000000    
	0.00000000	-0.27563279	 3.70000000
 
	 0.00000000	 0.11811938	 0.00000000
	 0.76146930	-0.47250888	 0.00000000
	-0.76146930	-0.47250888	 0.00000000    
	0.00000000	-0.27563279	 3.80000000
 
	 0.00000000	 0.11811938	 0.00000000
	 0.76146930	-0.47250888	 0.00000000
	-0.76146930	-0.47250888	 0.00000000    
	0.00000000	-0.27563279	 3.90000000
 
	 0.00000000	 0.11811938	 0.00000000
	 0.76146930	-0.47250888	 0.00000000
	-0.76146930	-0.47250888	 0.00000000    
	0.00000000	-0.27563279	 4.00000000
 
	 0.00000000	 0.11811938	 0.00000000
	 0.76146930	-0.47250888	 0.00000000
	-0.76146930	-0.47250888	 0.00000000    
	0.00000000	-0.27563279	 4.10000000
 
	 0.00000000	 0.11811938	 0.00000000
	 0.76146930	-0.47250888	 0.00000000
	-0.76146930	-0.47250888	 0.00000000    
	0.00000000	-0.27563279	 4.20000000
 
	 0.00000000	 0.11811938	 0.00000000
	 0.76146930	-0.47250888	 0.00000000
	-0.76146930	-0.47250888	 0.00000000    
	0.00000000	-0.27563279	 4.30000000
 
	 0.00000000	 0.11811938	 0.00000000
	 0.76146930	-0.47250888	 0.00000000
	-0.76146930	-0.47250888	 0.00000000    
	0.00000000	-0.27563279	 4.40000000
 
	 0.00000000	 0.11811938	 0.00000000
	 0.76146930	-0.47250888	 0.00000000
	-0.76146930	-0.47250888	 0.00000000    
	0.00000000	-0.27563279	 4.50000000
 
	 0.00000000	 0.11811938	 0.00000000
	 0.76146930	-0.47250888	 0.00000000
	-0.76146930	-0.47250888	 0.00000000    
	0.00000000	-0.27563279	 5.00000000
 
	 0.00000000	 0.11811938	 0.00000000
	 0.76146930	-0.47250888	 0.00000000
	-0.76146930	-0.47250888	 0.00000000    
	0.00000000	-0.27563279	 5.30000000
 
	 0.00000000	 0.11811938	 0.00000000
	 0.76146930	-0.47250888	 0.00000000
	-0.76146930	-0.47250888	 0.00000000    
	0.00000000	-0.27563279	 5.60000000
 
	 0.00000000	 0.11811938	 0.00000000
	 0.76146930	-0.47250888	 0.00000000
	-0.76146930	-0.47250888	 0.00000000    
	0.00000000	-0.27563279	 5.90000000
 
	 0.00000000	 0.11811938	 0.00000000
	 0.76146930	-0.47250888	 0.00000000
	-0.76146930	-0.47250888	 0.00000000    
	0.00000000	-0.27563279	 6.20000000
 
	 0.00000000	 0.11811938	 0.00000000
	 0.76146930	-0.47250888	 0.00000000
	-0.76146930	-0.47250888	 0.00000000    
	0.00000000	-0.27563279	 6.50000000
 
	 0.00000000	 0.11811938	 0.00000000
	 0.76146930	-0.47250888	 0.00000000
	-0.76146930	-0.47250888	 0.00000000    
	0.00000000	-0.27563279	 6.80000000
 
	 0.00000000	 0.11811938	 0.00000000
	 0.76146930	-0.47250888	 0.00000000
	-0.76146930	-0.47250888	 0.00000000    
	0.00000000	-0.27563279	 7.10000000
 
	 0.00000000	 0.11811938	 0.00000000
	 0.76146930	-0.47250888	 0.00000000
	-0.76146930	-0.47250888	 0.00000000    
	0.00000000	-0.27563279	 7.40000000
 
	 0.00000000	 0.11811938	 0.00000000
	 0.76146930	-0.47250888	 0.00000000
	-0.76146930	-0.47250888	 0.00000000    
	0.00000000	-0.27563279	 7.70000000
 
	 0.00000000	 0.11811938	 0.00000000
	 0.76146930	-0.47250888	 0.00000000
	-0.76146930	-0.47250888	 0.00000000    
	0.00000000	-0.27563279	 8.00000000
 
	 0.00000000	 0.11811938	 0.00000000
	 0.76146930	-0.47250888	 0.00000000
	-0.76146930	-0.47250888	 0.00000000    
	0.00000000	-0.27563279	 8.50000000
 
	 0.00000000	 0.11811938	 0.00000000
	 0.76146930	-0.47250888	 0.00000000
	-0.76146930	-0.47250888	 0.00000000    
	0.00000000	-0.27563279	 9.00000000
 
	 0.00000000	 0.11811938	 0.00000000
	 0.76146930	-0.47250888	 0.00000000
	-0.76146930	-0.47250888	 0.00000000    
	0.00000000	-0.27563279	 9.50000000
 
	 0.00000000	 0.11811938	 0.00000000
	 0.76146930	-0.47250888	 0.00000000
	-0.76146930	-0.47250888	 0.00000000    
	0.00000000	-0.27563279	 10.00000000
 
	 0.00000000	 0.11811938	 0.00000000
	 0.76146930	-0.47250888	 0.00000000
	-0.76146930	-0.47250888	 0.00000000    
	0.00000000	-0.27563279	 10.50000000
 
	 0.00000000	 0.11811938	 0.00000000
	 0.76146930	-0.47250888	 0.00000000
	-0.76146930	-0.47250888	 0.00000000    
	0.00000000	-0.27563279	 11.00000000
 
	 0.00000000	 0.11811938	 0.00000000
	 0.76146930	-0.47250888	 0.00000000
	-0.76146930	-0.47250888	 0.00000000    
	0.00000000	-3.48342062	 0.00000000
 
	 0.00000000	 0.11811938	 0.00000000
	 0.76146930	-0.47250888	 0.00000000
	-0.76146930	-0.47250888	 0.00000000    
	0.12569190	-3.48122663	 0.00000000
 
	 0.00000000	 0.11811938	 0.00000000
	 0.76146930	-0.47250888	 0.00000000
	-0.76146930	-0.47250888	 0.00000000    
	0.25123068	-3.47464744	 0.00000000
 
	 0.00000000	 0.11811938	 0.00000000
	 0.76146930	-0.47250888	 0.00000000
	-0.76146930	-0.47250888	 0.00000000    
	0.37646335	-3.46369098	 0.00000000
 
	 0.00000000	 0.11811938	 0.00000000
	 0.76146930	-0.47250888	 0.00000000
	-0.76146930	-0.47250888	 0.00000000    
	0.50123741	-3.44837068	 0.00000000
 
	 0.00000000	 0.11811938	 0.00000000
	 0.76146930	-0.47250888	 0.00000000
	-0.76146930	-0.47250888	 0.00000000    
	0.62540075	-3.42870512	 0.00000000
 
	 0.00000000	 0.11811938	 0.00000000
	 0.76146930	-0.47250888	 0.00000000
	-0.76146930	-0.47250888	 0.00000000    
	0.74880215	-3.40471832	 0.00000000
 
	 0.00000000	 0.11811938	 0.00000000
	 0.76146930	-0.47250888	 0.00000000
	-0.76146930	-0.47250888	 0.00000000    
	0.87129125	-3.37643950	 0.00000000
 
	 0.00000000	 0.11811938	 0.00000000
	 0.76146930	-0.47250888	 0.00000000
	-0.76146930	-0.47250888	 0.00000000    
	0.99271883	-3.34390308	 0.00000000
 
	 0.00000000	 0.11811938	 0.00000000
	 0.76146930	-0.47250888	 0.00000000
	-0.76146930	-0.47250888	 0.00000000    
	1.11293701	-3.30714868	 0.00000000
 
	 0.00000000	 0.11811938	 0.00000000
	 0.76146930	-0.47250888	 0.00000000
	-0.76146930	-0.47250888	 0.00000000    
	1.23179917	-3.26622117	 0.00000000
 
	 0.00000000	 0.11811938	 0.00000000
	 0.76146930	-0.47250888	 0.00000000
	-0.76146930	-0.47250888	 0.00000000    
	1.34916054	-3.22117037	 0.00000000
 
	 0.00000000	 0.11811938	 0.00000000
	 0.76146930	-0.47250888	 0.00000000
	-0.76146930	-0.47250888	 0.00000000    
	1.46487820	-3.17205113	 0.00000000
 
	 0.00000000	 0.11811938	 0.00000000
	 0.76146930	-0.47250888	 0.00000000
	-0.76146930	-0.47250888	 0.00000000    
	1.57881112	-3.11892334	 0.00000000
 
	 0.00000000	 0.11811938	 0.00000000
	 0.76146930	-0.47250888	 0.00000000
	-0.76146930	-0.47250888	 0.00000000    
	1.69082053	-3.06185171	 0.00000000
 
	 0.00000000	 0.11811938	 0.00000000
	 0.76146930	-0.47250888	 0.00000000
	-0.76146930	-0.47250888	 0.00000000    
	1.80076989	-3.00090577	 0.00000000
 
	 0.00000000	 0.11811938	 0.00000000
	 0.76146930	-0.47250888	 0.00000000
	-0.76146930	-0.47250888	 0.00000000    
	1.90852530	-2.93615981	 0.00000000
 
	 0.00000000	 0.11811938	 0.00000000
	 0.76146930	-0.47250888	 0.00000000
	-0.76146930	-0.47250888	 0.00000000    
	2.01395548	-2.86769266	 0.00000000
 
	 0.00000000	 0.11811938	 0.00000000
	 0.76146930	-0.47250888	 0.00000000
	-0.76146930	-0.47250888	 0.00000000    
	2.11693205	-2.79558770	 0.00000000
 
	 0.00000000	 0.11811938	 0.00000000
	 0.76146930	-0.47250888	 0.00000000
	-0.76146930	-0.47250888	 0.00000000    
	2.21732937	-2.71993289	 0.00000000
 
	 0.00000000	 0.11811938	 0.00000000
	 0.76146930	-0.47250888	 0.00000000
	-0.76146930	-0.47250888	 0.00000000    
	2.24201126	-2.70047524	 0.00000000
 
	 0.00000000	 0.11811938	 0.00000000
	 0.76146930	-0.47250888	 0.00000000
	-0.76146930	-0.47250888	 0.00000000    
	2.26652244	-2.68080291	 0.00000000
 
	 0.00000000	 0.11811938	 0.00000000
	 0.76146930	-0.47250888	 0.00000000
	-0.76146930	-0.47250888	 0.00000000    
	2.29086108	-2.66091744	 0.00000000
 
	 0.00000000	 0.11811938	 0.00000000
	 0.76146930	-0.47250888	 0.00000000
	-0.76146930	-0.47250888	 0.00000000    
	2.31502525	-2.64082034	 0.00000000
 
	 0.00000000	 0.11811938	 0.00000000
	 0.76146930	-0.47250888	 0.00000000
	-0.76146930	-0.47250888	 0.00000000    
	2.40990058	-2.55834645	 0.00000000
 
	 0.00000000	 0.11811938	 0.00000000
	 0.76146930	-0.47250888	 0.00000000
	-0.76146930	-0.47250888	 0.00000000    
	2.50183983	-2.47261171	 0.00000000
 
	 0.00000000	 0.11811938	 0.00000000
	 0.76146930	-0.47250888	 0.00000000
	-0.76146930	-0.47250888	 0.00000000    
	2.59073099	-2.38372056	 0.00000000
 
	 0.00000000	 0.11811938	 0.00000000
	 0.76146930	-0.47250888	 0.00000000
	-0.76146930	-0.47250888	 0.00000000    
	2.67646572	-2.29178131	 0.00000000
 
	 0.00000000	 0.11811938	 0.00000000
	 0.76146930	-0.47250888	 0.00000000
	-0.76146930	-0.47250888	 0.00000000    
	2.75893962	-2.19690598	 0.00000000
 
	 0.00000000	 0.11811938	 0.00000000
	 0.76146930	-0.47250888	 0.00000000
	-0.76146930	-0.47250888	 0.00000000    
	2.95020876	-1.94763918	 0.00000000
 
	 0.00000000	 0.11811938	 0.00000000
	 0.76146930	-0.47250888	 0.00000000
	-0.76146930	-0.47250888	 0.00000000    
	3.11902508	-1.68265065	 0.00000000
 
	 0.00000000	 0.11811938	 0.00000000
	 0.76146930	-0.47250888	 0.00000000
	-0.76146930	-0.47250888	 0.00000000    
	3.26410372	-1.40395722	 0.00000000
 
	 0.00000000	 0.11811938	 0.00000000
	 0.76146930	-0.47250888	 0.00000000
	-0.76146930	-0.47250888	 0.00000000    
	3.38434048	-1.11367994	 0.00000000
 
	 0.00000000	 0.11811938	 0.00000000
	 0.76146930	-0.47250888	 0.00000000
	-0.76146930	-0.47250888	 0.00000000    
	3.47882044	-0.81402785	 0.00000000
 
	 0.00000000	 0.11811938	 0.00000000
	 0.76146930	-0.47250888	 0.00000000
	-0.76146930	-0.47250888	 0.00000000    
	3.54682446	-0.50728152	 0.00000000
 
	 0.00000000	 0.11811938	 0.00000000
	 0.76146930	-0.47250888	 0.00000000
	-0.76146930	-0.47250888	 0.00000000    
	3.58783502	-0.19577553	 0.00000000
 
	 0.00000000	 0.11811938	 0.00000000
	 0.76146930	-0.47250888	 0.00000000
	-0.76146930	-0.47250888	 0.00000000    
	3.60154000	0.11811938	 0.00000000
 
	 0.00000000	 0.11811938	 0.00000000
	 0.76146930	-0.47250888	 0.00000000
	-0.76146930	-0.47250888	 0.00000000    
	3.58783505	0.43201411	 0.00000000
 
	 0.00000000	 0.11811938	 0.00000000
	 0.76146930	-0.47250888	 0.00000000
	-0.76146930	-0.47250888	 0.00000000    
	3.54682450	0.74352010	 0.00000000
 
	 0.00000000	 0.11811938	 0.00000000
	 0.76146930	-0.47250888	 0.00000000
	-0.76146930	-0.47250888	 0.00000000    
	3.47882051	1.05026643	 0.00000000
 
	 0.00000000	 0.11811938	 0.00000000
	 0.76146930	-0.47250888	 0.00000000
	-0.76146930	-0.47250888	 0.00000000    
	3.38434055	1.34991852	 0.00000000
 
	 0.00000000	 0.11811938	 0.00000000
	 0.76146930	-0.47250888	 0.00000000
	-0.76146930	-0.47250888	 0.00000000    
	3.26410379	1.64019580	 0.00000000
 
	 0.00000000	 0.11811938	 0.00000000
	 0.76146930	-0.47250888	 0.00000000
	-0.76146930	-0.47250888	 0.00000000    
	3.11902515	1.91888927	 0.00000000
 
	 0.00000000	 0.11811938	 0.00000000
	 0.76146930	-0.47250888	 0.00000000
	-0.76146930	-0.47250888	 0.00000000    
	2.95020887	2.18387776	 0.00000000
 
	 0.00000000	 0.11811938	 0.00000000
	 0.76146930	-0.47250888	 0.00000000
	-0.76146930	-0.47250888	 0.00000000    
	2.75893972	2.43314459	 0.00000000
 
	 0.00000000	 0.11811938	 0.00000000
	 0.76146930	-0.47250888	 0.00000000
	-0.76146930	-0.47250888	 0.00000000    
	2.54667335	2.66479269	 0.00000000
 
	 0.00000000	 0.11811938	 0.00000000
	 0.76146930	-0.47250888	 0.00000000
	-0.76146930	-0.47250888	 0.00000000    
	2.31502539	2.87705896	 0.00000000
 
	 0.00000000	 0.11811938	 0.00000000
	 0.76146930	-0.47250888	 0.00000000
	-0.76146930	-0.47250888	 0.00000000    
	0.00000000	-0.47250888	 3.07000000
 
	 0.00000000	 0.11811938	 0.00000000
	 0.76146930	-0.47250888	 0.00000000
	-0.76146930	-0.47250888	 0.00000000    
	0.00000000	-0.47250888	 3.10000000
 
	 0.00000000	 0.11811938	 0.00000000
	 0.76146930	-0.47250888	 0.00000000
	-0.76146930	-0.47250888	 0.00000000    
	0.00000000	-0.47250888	 3.13000000
 
	 0.00000000	 0.11811938	 0.00000000
	 0.76146930	-0.47250888	 0.00000000
	-0.76146930	-0.47250888	 0.00000000    
	0.00000000	-0.47250888	 3.16000000
 
	 0.00000000	 0.11811938	 0.00000000
	 0.76146930	-0.47250888	 0.00000000
	-0.76146930	-0.47250888	 0.00000000    
	0.00000000	-0.47250888	 3.19000000
 
	 0.00000000	 0.11811938	 0.00000000
	 0.76146930	-0.47250888	 0.00000000
	-0.76146930	-0.47250888	 0.00000000    
	0.00000000	-0.47250888	 3.22000000
 
	 0.00000000	 0.11811938	 0.00000000
	 0.76146930	-0.47250888	 0.00000000
	-0.76146930	-0.47250888	 0.00000000    
	0.00000000	-0.47250888	 3.25000000
 
	 0.00000000	 0.11811938	 0.00000000
	 0.76146930	-0.47250888	 0.00000000
	-0.76146930	-0.47250888	 0.00000000    
	0.00000000	-0.47250888	 3.28000000
 
	 0.00000000	 0.11811938	 0.00000000
	 0.76146930	-0.47250888	 0.00000000
	-0.76146930	-0.47250888	 0.00000000    
	0.00000000	-0.47250888	 3.31000000
 
	 0.00000000	 0.11811938	 0.00000000
	 0.76146930	-0.47250888	 0.00000000
	-0.76146930	-0.47250888	 0.00000000    
	0.00000000	-0.47250888	 3.34000000
 
	 0.00000000	 0.11811938	 0.00000000
	 0.76146930	-0.47250888	 0.00000000
	-0.76146930	-0.47250888	 0.00000000    
	0.00000000	-0.47250888	 3.37000000
 
	 0.00000000	 0.11811938	 0.00000000
	 0.76146930	-0.47250888	 0.00000000
	-0.76146930	-0.47250888	 0.00000000    
	0.00000000	-0.47250888	 3.40000000
 
	 0.00000000	 0.11811938	 0.00000000
	 0.76146930	-0.47250888	 0.00000000
	-0.76146930	-0.47250888	 0.00000000    
	0.00000000	-0.47250888	 3.45000000
 
	 0.00000000	 0.11811938	 0.00000000
	 0.76146930	-0.47250888	 0.00000000
	-0.76146930	-0.47250888	 0.00000000    
	0.00000000	-0.47250888	 3.50000000
 
	 0.00000000	 0.11811938	 0.00000000
	 0.76146930	-0.47250888	 0.00000000
	-0.76146930	-0.47250888	 0.00000000    
	0.00000000	-0.47250888	 3.55000000
 
	 0.00000000	 0.11811938	 0.00000000
	 0.76146930	-0.47250888	 0.00000000
	-0.76146930	-0.47250888	 0.00000000    
	0.00000000	-0.47250888	 3.60000000
 
	 0.00000000	 0.11811938	 0.00000000
	 0.76146930	-0.47250888	 0.00000000
	-0.76146930	-0.47250888	 0.00000000    
	0.00000000	-0.47250888	 3.65000000
 
	 0.00000000	 0.11811938	 0.00000000
	 0.76146930	-0.47250888	 0.00000000
	-0.76146930	-0.47250888	 0.00000000    
	0.00000000	-0.47250888	 3.70000000
 
	 0.00000000	 0.11811938	 0.00000000
	 0.76146930	-0.47250888	 0.00000000
	-0.76146930	-0.47250888	 0.00000000    
	0.00000000	-0.47250888	 3.75000000
 
	 0.00000000	 0.11811938	 0.00000000
	 0.76146930	-0.47250888	 0.00000000
	-0.76146930	-0.47250888	 0.00000000    
	0.00000000	-0.47250888	 3.80000000
 
	 0.00000000	 0.11811938	 0.00000000
	 0.76146930	-0.47250888	 0.00000000
	-0.76146930	-0.47250888	 0.00000000    
	0.00000000	-0.47250888	 3.85000000
 
	 0.00000000	 0.11811938	 0.00000000
	 0.76146930	-0.47250888	 0.00000000
	-0.76146930	-0.47250888	 0.00000000    
	0.00000000	-0.47250888	 3.90000000
 
	 0.00000000	 0.11811938	 0.00000000
	 0.76146930	-0.47250888	 0.00000000
	-0.76146930	-0.47250888	 0.00000000    
	0.00000000	-0.47250888	 4.00000000
 
	 0.00000000	 0.11811938	 0.00000000
	 0.76146930	-0.47250888	 0.00000000
	-0.76146930	-0.47250888	 0.00000000    
	0.00000000	-0.47250888	 4.10000000
 
	 0.00000000	 0.11811938	 0.00000000
	 0.76146930	-0.47250888	 0.00000000
	-0.76146930	-0.47250888	 0.00000000    
	0.00000000	-0.47250888	 4.20000000
 
	 0.00000000	 0.11811938	 0.00000000
	 0.76146930	-0.47250888	 0.00000000
	-0.76146930	-0.47250888	 0.00000000    
	0.00000000	-0.47250888	 4.30000000
 
	 0.00000000	 0.11811938	 0.00000000
	 0.76146930	-0.47250888	 0.00000000
	-0.76146930	-0.47250888	 0.00000000    
	0.00000000	-0.47250888	 4.40000000
 
	 0.00000000	 0.11811938	 0.00000000
	 0.76146930	-0.47250888	 0.00000000
	-0.76146930	-0.47250888	 0.00000000    
	0.00000000	-0.47250888	 4.50000000
 
	 0.00000000	 0.11811938	 0.00000000
	 0.76146930	-0.47250888	 0.00000000
	-0.76146930	-0.47250888	 0.00000000    
	0.00000000	-0.47250888	 4.60000000
 
	 0.00000000	 0.11811938	 0.00000000
	 0.76146930	-0.47250888	 0.00000000
	-0.76146930	-0.47250888	 0.00000000    
	0.00000000	-0.47250888	 4.70000000
 
	 0.00000000	 0.11811938	 0.00000000
	 0.76146930	-0.47250888	 0.00000000
	-0.76146930	-0.47250888	 0.00000000    
	0.00000000	-0.47250888	 4.80000000
 
	 0.00000000	 0.11811938	 0.00000000
	 0.76146930	-0.47250888	 0.00000000
	-0.76146930	-0.47250888	 0.00000000    
	0.00000000	-0.47250888	 4.90000000
 
	 0.00000000	 0.11811938	 0.00000000
	 0.76146930	-0.47250888	 0.00000000
	-0.76146930	-0.47250888	 0.00000000    
	0.00000000	-0.47250888	 5.00000000
 
	 0.00000000	 0.11811938	 0.00000000
	 0.76146930	-0.47250888	 0.00000000
	-0.76146930	-0.47250888	 0.00000000    
	0.00000000	-0.47250888	 5.25000000
 
	 0.00000000	 0.11811938	 0.00000000
	 0.76146930	-0.47250888	 0.00000000
	-0.76146930	-0.47250888	 0.00000000    
	0.00000000	-0.47250888	 5.50000000
 
	 0.00000000	 0.11811938	 0.00000000
	 0.76146930	-0.47250888	 0.00000000
	-0.76146930	-0.47250888	 0.00000000    
	0.00000000	-0.47250888	 5.75000000
 
	 0.00000000	 0.11811938	 0.00000000
	 0.76146930	-0.47250888	 0.00000000
	-0.76146930	-0.47250888	 0.00000000    
	0.00000000	-0.47250888	 6.00000000
 
	 0.00000000	 0.11811938	 0.00000000
	 0.76146930	-0.47250888	 0.00000000
	-0.76146930	-0.47250888	 0.00000000    
	0.00000000	-0.47250888	 6.25000000
 
	 0.00000000	 0.11811938	 0.00000000
	 0.76146930	-0.47250888	 0.00000000
	-0.76146930	-0.47250888	 0.00000000    
	0.00000000	-0.47250888	 6.50000000
 
	 0.00000000	 0.11811938	 0.00000000
	 0.76146930	-0.47250888	 0.00000000
	-0.76146930	-0.47250888	 0.00000000    
	0.00000000	-0.47250888	 6.75000000
 
	 0.00000000	 0.11811938	 0.00000000
	 0.76146930	-0.47250888	 0.00000000
	-0.76146930	-0.47250888	 0.00000000    
	0.00000000	-0.47250888	 7.00000000
 
	 0.00000000	 0.11811938	 0.00000000
	 0.76146930	-0.47250888	 0.00000000
	-0.76146930	-0.47250888	 0.00000000    
	0.00000000	-0.47250888	 7.50000000
 
	 0.00000000	 0.11811938	 0.00000000
	 0.76146930	-0.47250888	 0.00000000
	-0.76146930	-0.47250888	 0.00000000    
	0.00000000	-0.47250888	 8.00000000
 
	 0.00000000	 0.11811938	 0.00000000
	 0.76146930	-0.47250888	 0.00000000
	-0.76146930	-0.47250888	 0.00000000    
	0.00000000	-0.47250888	 8.50000000
 
	 0.00000000	 0.11811938	 0.00000000
	 0.76146930	-0.47250888	 0.00000000
	-0.76146930	-0.47250888	 0.00000000    
	0.00000000	-0.47250888	 9.00000000
 
	 0.00000000	 0.11811938	 0.00000000
	 0.76146930	-0.47250888	 0.00000000
	-0.76146930	-0.47250888	 0.00000000    
	0.00000000	-0.47250888	 9.50000000
 
	 0.00000000	 0.11811938	 0.00000000
	 0.76146930	-0.47250888	 0.00000000
	-0.76146930	-0.47250888	 0.00000000    
	0.00000000	-0.47250888	 10.00000000
 
	 0.00000000	 0.11811938	 0.00000000
	 0.76146930	-0.47250888	 0.00000000
	-0.76146930	-0.47250888	 0.00000000    
	0.00000000	-0.47250888	 10.50000000
 
	 0.00000000	 0.11811938	 0.00000000
	 0.76146930	-0.47250888	 0.00000000
	-0.76146930	-0.47250888	 0.00000000    
	0.00000000	-0.47250888	 11.00000000
 
	 0.00000000	 0.11811938	 0.00000000
	 0.76146930	-0.47250888	 0.00000000
	-0.76146930	-0.47250888	 0.00000000    
	2.89999999	0.11811938	 0.00000000
 
	 0.00000000	 0.11811938	 0.00000000
	 0.76146930	-0.47250888	 0.00000000
	-0.76146930	-0.47250888	 0.00000000    
	2.94999999	0.11811938	 0.00000000
 
	 0.00000000	 0.11811938	 0.00000000
	 0.76146930	-0.47250888	 0.00000000
	-0.76146930	-0.47250888	 0.00000000    
	2.99999999	0.11811938	 0.00000000
 
	 0.00000000	 0.11811938	 0.00000000
	 0.76146930	-0.47250888	 0.00000000
	-0.76146930	-0.47250888	 0.00000000    
	3.04999999	0.11811938	 0.00000000
 
	 0.00000000	 0.11811938	 0.00000000
	 0.76146930	-0.47250888	 0.00000000
	-0.76146930	-0.47250888	 0.00000000    
	3.09999998	0.11811938	 0.00000000
 
	 0.00000000	 0.11811938	 0.00000000
	 0.76146930	-0.47250888	 0.00000000
	-0.76146930	-0.47250888	 0.00000000    
	3.14999999	0.11811938	 0.00000000
 
	 0.00000000	 0.11811938	 0.00000000
	 0.76146930	-0.47250888	 0.00000000
	-0.76146930	-0.47250888	 0.00000000    
	3.19999998	0.11811938	 0.00000000
 
	 0.00000000	 0.11811938	 0.00000000
	 0.76146930	-0.47250888	 0.00000000
	-0.76146930	-0.47250888	 0.00000000    
	3.24999999	0.11811938	 0.00000000
 
	 0.00000000	 0.11811938	 0.00000000
	 0.76146930	-0.47250888	 0.00000000
	-0.76146930	-0.47250888	 0.00000000    
	3.29999998	0.11811938	 0.00000000
 
	 0.00000000	 0.11811938	 0.00000000
	 0.76146930	-0.47250888	 0.00000000
	-0.76146930	-0.47250888	 0.00000000    
	3.39999999	0.11811938	 0.00000000
 
	 0.00000000	 0.11811938	 0.00000000
	 0.76146930	-0.47250888	 0.00000000
	-0.76146930	-0.47250888	 0.00000000    
	3.49999999	0.11811938	 0.00000000
 
	 0.00000000	 0.11811938	 0.00000000
	 0.76146930	-0.47250888	 0.00000000
	-0.76146930	-0.47250888	 0.00000000    
	3.59999999	0.11811938	 0.00000000
 
	 0.00000000	 0.11811938	 0.00000000
	 0.76146930	-0.47250888	 0.00000000
	-0.76146930	-0.47250888	 0.00000000    
	3.69999999	0.11811938	 0.00000000
 
	 0.00000000	 0.11811938	 0.00000000
	 0.76146930	-0.47250888	 0.00000000
	-0.76146930	-0.47250888	 0.00000000    
	3.79999999	0.11811938	 0.00000000
 
	 0.00000000	 0.11811938	 0.00000000
	 0.76146930	-0.47250888	 0.00000000
	-0.76146930	-0.47250888	 0.00000000    
	3.89999999	0.11811938	 0.00000000
 
	 0.00000000	 0.11811938	 0.00000000
	 0.76146930	-0.47250888	 0.00000000
	-0.76146930	-0.47250888	 0.00000000    
	3.99999999	0.11811938	 0.00000000
 
	 0.00000000	 0.11811938	 0.00000000
	 0.76146930	-0.47250888	 0.00000000
	-0.76146930	-0.47250888	 0.00000000    
	4.09999998	0.11811938	 0.00000000
 
	 0.00000000	 0.11811938	 0.00000000
	 0.76146930	-0.47250888	 0.00000000
	-0.76146930	-0.47250888	 0.00000000    
	4.19999998	0.11811938	 0.00000000
 
	 0.00000000	 0.11811938	 0.00000000
	 0.76146930	-0.47250888	 0.00000000
	-0.76146930	-0.47250888	 0.00000000    
	4.49999999	0.11811938	 0.00000000
 
	 0.00000000	 0.11811938	 0.00000000
	 0.76146930	-0.47250888	 0.00000000
	-0.76146930	-0.47250888	 0.00000000    
	4.99999999	0.11811938	 0.00000000
 
	 0.00000000	 0.11811938	 0.00000000
	 0.76146930	-0.47250888	 0.00000000
	-0.76146930	-0.47250888	 0.00000000    
	5.49999999	0.11811938	 0.00000000
 
	 0.00000000	 0.11811938	 0.00000000
	 0.76146930	-0.47250888	 0.00000000
	-0.76146930	-0.47250888	 0.00000000    
	5.99999999	0.11811938	 0.00000000
 
	 0.00000000	 0.11811938	 0.00000000
	 0.76146930	-0.47250888	 0.00000000
	-0.76146930	-0.47250888	 0.00000000    
	6.99999999	0.11811938	 0.00000000
 
	 0.00000000	 0.11811938	 0.00000000
	 0.76146930	-0.47250888	 0.00000000
	-0.76146930	-0.47250888	 0.00000000    
	7.99999999	0.11811938	 0.00000000
 
	 0.00000000	 0.11811938	 0.00000000
	 0.76146930	-0.47250888	 0.00000000
	-0.76146930	-0.47250888	 0.00000000    
	8.99999999	0.11811938	 0.00000000
 
	 0.00000000	 0.11811938	 0.00000000
	 0.76146930	-0.47250888	 0.00000000
	-0.76146930	-0.47250888	 0.00000000    
	9.99999999	0.11811938	 0.00000000
 
	 0.00000000	 0.11811938	 0.00000000
	 0.76146930	-0.47250888	 0.00000000
	-0.76146930	-0.47250888	 0.00000000    
	10.99999999	0.11811938	 0.00000000
 
	 0.00000000	 0.11811938	 0.00000000
	 0.76146930	-0.47250888	 0.00000000
	-0.76146930	-0.47250888	 0.00000000    
	11.99999999	0.11811938	 0.00000000
 
	 0.00000000	 0.11811938	 0.00000000
	 0.76146930	-0.47250888	 0.00000000
	-0.76146930	-0.47250888	 0.00000000    
	12.99999999	0.11811938	 0.00000000
 
